(kicad_pcb (version 20171130) (host pcbnew "(5.1.6)-1")

  (general
    (thickness 1.6)
    (drawings 13)
    (tracks 1531)
    (zones 0)
    (modules 125)
    (nets 93)
  )

  (page A4)
  (title_block
    (title "Rocketboard-16 (RKT-16)")
    (date 2020-09-16)
    (rev 1.1)
  )

  (layers
    (0 F.Cu signal)
    (31 B.Cu signal)
    (32 B.Adhes user)
    (33 F.Adhes user)
    (34 B.Paste user)
    (35 F.Paste user)
    (36 B.SilkS user)
    (37 F.SilkS user)
    (38 B.Mask user)
    (39 F.Mask user)
    (40 Dwgs.User user)
    (41 Cmts.User user)
    (42 Eco1.User user)
    (43 Eco2.User user)
    (44 Edge.Cuts user)
    (45 Margin user)
    (46 B.CrtYd user)
    (47 F.CrtYd user)
    (48 B.Fab user)
    (49 F.Fab user)
  )

  (setup
    (last_trace_width 0.254)
    (trace_clearance 0.2)
    (zone_clearance 0.508)
    (zone_45_only no)
    (trace_min 0.1524)
    (via_size 0.8)
    (via_drill 0.4)
    (via_min_size 0.4)
    (via_min_drill 0.3)
    (uvia_size 0.3)
    (uvia_drill 0.1)
    (uvias_allowed no)
    (uvia_min_size 0.2)
    (uvia_min_drill 0.1)
    (edge_width 0.1)
    (segment_width 0.2)
    (pcb_text_width 0.3)
    (pcb_text_size 1.5 1.5)
    (mod_edge_width 0.15)
    (mod_text_size 1 1)
    (mod_text_width 0.15)
    (pad_size 1.6 1.3)
    (pad_drill 0)
    (pad_to_mask_clearance 0)
    (aux_axis_origin 0 0)
    (visible_elements 7FFFFFFF)
    (pcbplotparams
      (layerselection 0x010fc_ffffffff)
      (usegerberextensions false)
      (usegerberattributes true)
      (usegerberadvancedattributes true)
      (creategerberjobfile true)
      (excludeedgelayer true)
      (linewidth 0.100000)
      (plotframeref false)
      (viasonmask false)
      (mode 1)
      (useauxorigin false)
      (hpglpennumber 1)
      (hpglpenspeed 20)
      (hpglpendiameter 15.000000)
      (psnegative false)
      (psa4output false)
      (plotreference true)
      (plotvalue true)
      (plotinvisibletext false)
      (padsonsilk false)
      (subtractmaskfromsilk false)
      (outputformat 1)
      (mirror false)
      (drillshape 0)
      (scaleselection 1)
      (outputdirectory "gerbers/"))
  )

  (net 0 "")
  (net 1 VCC)
  (net 2 "Net-(D1-Pad2)")
  (net 3 "Net-(D2-Pad2)")
  (net 4 "Net-(D3-Pad2)")
  (net 5 "Net-(D4-Pad2)")
  (net 6 "Net-(D5-Pad2)")
  (net 7 "Net-(D6-Pad2)")
  (net 8 "Net-(D7-Pad2)")
  (net 9 "Net-(D8-Pad2)")
  (net 10 "Net-(D9-Pad2)")
  (net 11 "Net-(D10-Pad2)")
  (net 12 "Net-(D11-Pad2)")
  (net 13 "Net-(D12-Pad2)")
  (net 14 "Net-(D13-Pad2)")
  (net 15 "Net-(D14-Pad2)")
  (net 16 "Net-(D15-Pad2)")
  (net 17 "Net-(D16-Pad2)")
  (net 18 SCL)
  (net 19 SDA)
  (net 20 COL0)
  (net 21 COL1)
  (net 22 COL2)
  (net 23 COL3)
  (net 24 GND)
  (net 25 OSC_IN)
  (net 26 "Net-(C2-Pad1)")
  (net 27 OSC32_IN)
  (net 28 +5V)
  (net 29 OSC32_OUT)
  (net 30 ROW1)
  (net 31 ROW2)
  (net 32 ROW3)
  (net 33 Row4)
  (net 34 "Net-(D17-Pad2)")
  (net 35 "Net-(D18-Pad2)")
  (net 36 ROW0)
  (net 37 "Net-(D19-Pad2)")
  (net 38 SWDIO)
  (net 39 SWCLK)
  (net 40 BOOT1)
  (net 41 BOOT0)
  (net 42 "Net-(K1-Pad4)")
  (net 43 LED_SIG)
  (net 44 "Net-(P1-PadA6)")
  (net 45 "Net-(P1-PadA5)")
  (net 46 "Net-(P1-PadB8)")
  (net 47 "Net-(P1-PadA7)")
  (net 48 "Net-(P1-PadB5)")
  (net 49 "Net-(P1-PadA8)")
  (net 50 "Net-(R1-Pad2)")
  (net 51 PA11)
  (net 52 "Net-(R2-Pad2)")
  (net 53 PA12)
  (net 54 OSC_OUT)
  (net 55 "Net-(R8-Pad1)")
  (net 56 "Net-(R9-Pad1)")
  (net 57 EC1_A)
  (net 58 EC1_B)
  (net 59 EC2_A)
  (net 60 EC2_B)
  (net 61 "Net-(U1-Pad41)")
  (net 62 "Net-(U1-Pad40)")
  (net 63 "Net-(U1-Pad38)")
  (net 64 "Net-(U1-Pad31)")
  (net 65 "Net-(U1-Pad29)")
  (net 66 "Net-(U1-Pad19)")
  (net 67 "Net-(U1-Pad18)")
  (net 68 "Net-(U1-Pad15)")
  (net 69 "Net-(U1-Pad2)")
  (net 70 "Net-(K2-Pad4)")
  (net 71 "Net-(K3-Pad4)")
  (net 72 LED_R1)
  (net 73 "Net-(K5-Pad4)")
  (net 74 "Net-(K6-Pad4)")
  (net 75 "Net-(K7-Pad4)")
  (net 76 LED_R2)
  (net 77 "Net-(K10-Pad3)")
  (net 78 "Net-(K10-Pad4)")
  (net 79 "Net-(K11-Pad4)")
  (net 80 LED_R3)
  (net 81 "Net-(K13-Pad4)")
  (net 82 "Net-(K14-Pad4)")
  (net 83 "Net-(K15-Pad4)")
  (net 84 "Net-(K16-Pad4)")
  (net 85 "Net-(C31-Pad2)")
  (net 86 "Net-(U1-Pad25)")
  (net 87 "Net-(U1-Pad17)")
  (net 88 "Net-(U1-Pad16)")
  (net 89 EC2_A_DB)
  (net 90 EC1_A_DB)
  (net 91 EC2_B_DB)
  (net 92 EC1_B_DB)

  (net_class Default "This is the default net class."
    (clearance 0.2)
    (trace_width 0.254)
    (via_dia 0.8)
    (via_drill 0.4)
    (uvia_dia 0.3)
    (uvia_drill 0.1)
    (add_net +5V)
    (add_net BOOT0)
    (add_net BOOT1)
    (add_net COL0)
    (add_net COL1)
    (add_net COL2)
    (add_net COL3)
    (add_net EC1_A)
    (add_net EC1_A_DB)
    (add_net EC1_B)
    (add_net EC1_B_DB)
    (add_net EC2_A)
    (add_net EC2_A_DB)
    (add_net EC2_B)
    (add_net EC2_B_DB)
    (add_net LED_R1)
    (add_net LED_R2)
    (add_net LED_R3)
    (add_net LED_SIG)
    (add_net "Net-(C2-Pad1)")
    (add_net "Net-(C31-Pad2)")
    (add_net "Net-(D1-Pad2)")
    (add_net "Net-(D10-Pad2)")
    (add_net "Net-(D11-Pad2)")
    (add_net "Net-(D12-Pad2)")
    (add_net "Net-(D13-Pad2)")
    (add_net "Net-(D14-Pad2)")
    (add_net "Net-(D15-Pad2)")
    (add_net "Net-(D16-Pad2)")
    (add_net "Net-(D17-Pad2)")
    (add_net "Net-(D18-Pad2)")
    (add_net "Net-(D19-Pad2)")
    (add_net "Net-(D2-Pad2)")
    (add_net "Net-(D3-Pad2)")
    (add_net "Net-(D4-Pad2)")
    (add_net "Net-(D5-Pad2)")
    (add_net "Net-(D6-Pad2)")
    (add_net "Net-(D7-Pad2)")
    (add_net "Net-(D8-Pad2)")
    (add_net "Net-(D9-Pad2)")
    (add_net "Net-(K1-Pad4)")
    (add_net "Net-(K10-Pad3)")
    (add_net "Net-(K10-Pad4)")
    (add_net "Net-(K11-Pad4)")
    (add_net "Net-(K13-Pad4)")
    (add_net "Net-(K14-Pad4)")
    (add_net "Net-(K15-Pad4)")
    (add_net "Net-(K16-Pad4)")
    (add_net "Net-(K2-Pad4)")
    (add_net "Net-(K3-Pad4)")
    (add_net "Net-(K5-Pad4)")
    (add_net "Net-(K6-Pad4)")
    (add_net "Net-(K7-Pad4)")
    (add_net "Net-(P1-PadA5)")
    (add_net "Net-(P1-PadA6)")
    (add_net "Net-(P1-PadA7)")
    (add_net "Net-(P1-PadA8)")
    (add_net "Net-(P1-PadB5)")
    (add_net "Net-(P1-PadB8)")
    (add_net "Net-(R1-Pad2)")
    (add_net "Net-(R2-Pad2)")
    (add_net "Net-(R8-Pad1)")
    (add_net "Net-(R9-Pad1)")
    (add_net "Net-(U1-Pad15)")
    (add_net "Net-(U1-Pad16)")
    (add_net "Net-(U1-Pad17)")
    (add_net "Net-(U1-Pad18)")
    (add_net "Net-(U1-Pad19)")
    (add_net "Net-(U1-Pad2)")
    (add_net "Net-(U1-Pad25)")
    (add_net "Net-(U1-Pad29)")
    (add_net "Net-(U1-Pad31)")
    (add_net "Net-(U1-Pad38)")
    (add_net "Net-(U1-Pad40)")
    (add_net "Net-(U1-Pad41)")
    (add_net OSC32_IN)
    (add_net OSC32_OUT)
    (add_net OSC_IN)
    (add_net OSC_OUT)
    (add_net PA11)
    (add_net PA12)
    (add_net ROW0)
    (add_net ROW1)
    (add_net ROW2)
    (add_net ROW3)
    (add_net Row4)
    (add_net SCL)
    (add_net SDA)
    (add_net SWCLK)
    (add_net SWDIO)
  )

  (net_class Power ""
    (clearance 0.2)
    (trace_width 0.381)
    (via_dia 0.8)
    (via_drill 0.4)
    (uvia_dia 0.3)
    (uvia_drill 0.1)
    (add_net GND)
    (add_net VCC)
  )

  (module Resistor_SMD:R_0603_1608Metric (layer B.Cu) (tedit 5B301BBD) (tstamp 5F66EDF4)
    (at 99 64.225 180)
    (descr "Resistor SMD 0603 (1608 Metric), square (rectangular) end terminal, IPC_7351 nominal, (Body size source: http://www.tortai-tech.com/upload/download/2011102023233369053.pdf), generated with kicad-footprint-generator")
    (tags resistor)
    (path /602005F4)
    (attr smd)
    (fp_text reference R11 (at 0 1.43) (layer B.SilkS)
      (effects (font (size 1 1) (thickness 0.15)) (justify mirror))
    )
    (fp_text value 10k (at 0 -1.43) (layer B.Fab)
      (effects (font (size 1 1) (thickness 0.15)) (justify mirror))
    )
    (fp_text user %R (at 0 0) (layer B.Fab)
      (effects (font (size 0.4 0.4) (thickness 0.06)) (justify mirror))
    )
    (fp_line (start -0.8 -0.4) (end -0.8 0.4) (layer B.Fab) (width 0.1))
    (fp_line (start -0.8 0.4) (end 0.8 0.4) (layer B.Fab) (width 0.1))
    (fp_line (start 0.8 0.4) (end 0.8 -0.4) (layer B.Fab) (width 0.1))
    (fp_line (start 0.8 -0.4) (end -0.8 -0.4) (layer B.Fab) (width 0.1))
    (fp_line (start -0.162779 0.51) (end 0.162779 0.51) (layer B.SilkS) (width 0.12))
    (fp_line (start -0.162779 -0.51) (end 0.162779 -0.51) (layer B.SilkS) (width 0.12))
    (fp_line (start -1.48 -0.73) (end -1.48 0.73) (layer B.CrtYd) (width 0.05))
    (fp_line (start -1.48 0.73) (end 1.48 0.73) (layer B.CrtYd) (width 0.05))
    (fp_line (start 1.48 0.73) (end 1.48 -0.73) (layer B.CrtYd) (width 0.05))
    (fp_line (start 1.48 -0.73) (end -1.48 -0.73) (layer B.CrtYd) (width 0.05))
    (pad 2 smd roundrect (at 0.7875 0 180) (size 0.875 0.95) (layers B.Cu B.Paste B.Mask) (roundrect_rratio 0.25)
      (net 1 VCC))
    (pad 1 smd roundrect (at -0.7875 0 180) (size 0.875 0.95) (layers B.Cu B.Paste B.Mask) (roundrect_rratio 0.25)
      (net 57 EC1_A))
    (model ${KISYS3DMOD}/Resistor_SMD.3dshapes/R_0603_1608Metric.wrl
      (at (xyz 0 0 0))
      (scale (xyz 1 1 1))
      (rotate (xyz 0 0 0))
    )
  )

  (module Resistor_SMD:R_0603_1608Metric (layer B.Cu) (tedit 5B301BBD) (tstamp 5F663CB4)
    (at 105.775 59.2 180)
    (descr "Resistor SMD 0603 (1608 Metric), square (rectangular) end terminal, IPC_7351 nominal, (Body size source: http://www.tortai-tech.com/upload/download/2011102023233369053.pdf), generated with kicad-footprint-generator")
    (tags resistor)
    (path /601E0B8A)
    (attr smd)
    (fp_text reference R17 (at 0 1.43) (layer B.SilkS)
      (effects (font (size 1 1) (thickness 0.15)) (justify mirror))
    )
    (fp_text value 10k (at 0 -1.43) (layer B.Fab)
      (effects (font (size 1 1) (thickness 0.15)) (justify mirror))
    )
    (fp_line (start 1.48 -0.73) (end -1.48 -0.73) (layer B.CrtYd) (width 0.05))
    (fp_line (start 1.48 0.73) (end 1.48 -0.73) (layer B.CrtYd) (width 0.05))
    (fp_line (start -1.48 0.73) (end 1.48 0.73) (layer B.CrtYd) (width 0.05))
    (fp_line (start -1.48 -0.73) (end -1.48 0.73) (layer B.CrtYd) (width 0.05))
    (fp_line (start -0.162779 -0.51) (end 0.162779 -0.51) (layer B.SilkS) (width 0.12))
    (fp_line (start -0.162779 0.51) (end 0.162779 0.51) (layer B.SilkS) (width 0.12))
    (fp_line (start 0.8 -0.4) (end -0.8 -0.4) (layer B.Fab) (width 0.1))
    (fp_line (start 0.8 0.4) (end 0.8 -0.4) (layer B.Fab) (width 0.1))
    (fp_line (start -0.8 0.4) (end 0.8 0.4) (layer B.Fab) (width 0.1))
    (fp_line (start -0.8 -0.4) (end -0.8 0.4) (layer B.Fab) (width 0.1))
    (fp_text user %R (at 0 0) (layer B.Fab)
      (effects (font (size 0.4 0.4) (thickness 0.06)) (justify mirror))
    )
    (pad 1 smd roundrect (at -0.7875 0 180) (size 0.875 0.95) (layers B.Cu B.Paste B.Mask) (roundrect_rratio 0.25)
      (net 92 EC1_B_DB))
    (pad 2 smd roundrect (at 0.7875 0 180) (size 0.875 0.95) (layers B.Cu B.Paste B.Mask) (roundrect_rratio 0.25)
      (net 58 EC1_B))
    (model ${KISYS3DMOD}/Resistor_SMD.3dshapes/R_0603_1608Metric.wrl
      (at (xyz 0 0 0))
      (scale (xyz 1 1 1))
      (rotate (xyz 0 0 0))
    )
  )

  (module Resistor_SMD:R_0603_1608Metric (layer B.Cu) (tedit 5B301BBD) (tstamp 5F663CA3)
    (at 105.775 64.225 180)
    (descr "Resistor SMD 0603 (1608 Metric), square (rectangular) end terminal, IPC_7351 nominal, (Body size source: http://www.tortai-tech.com/upload/download/2011102023233369053.pdf), generated with kicad-footprint-generator")
    (tags resistor)
    (path /601BD2FB)
    (attr smd)
    (fp_text reference R16 (at 0 1.43) (layer B.SilkS)
      (effects (font (size 1 1) (thickness 0.15)) (justify mirror))
    )
    (fp_text value 10k (at 0 -1.43) (layer B.Fab)
      (effects (font (size 1 1) (thickness 0.15)) (justify mirror))
    )
    (fp_line (start 1.48 -0.73) (end -1.48 -0.73) (layer B.CrtYd) (width 0.05))
    (fp_line (start 1.48 0.73) (end 1.48 -0.73) (layer B.CrtYd) (width 0.05))
    (fp_line (start -1.48 0.73) (end 1.48 0.73) (layer B.CrtYd) (width 0.05))
    (fp_line (start -1.48 -0.73) (end -1.48 0.73) (layer B.CrtYd) (width 0.05))
    (fp_line (start -0.162779 -0.51) (end 0.162779 -0.51) (layer B.SilkS) (width 0.12))
    (fp_line (start -0.162779 0.51) (end 0.162779 0.51) (layer B.SilkS) (width 0.12))
    (fp_line (start 0.8 -0.4) (end -0.8 -0.4) (layer B.Fab) (width 0.1))
    (fp_line (start 0.8 0.4) (end 0.8 -0.4) (layer B.Fab) (width 0.1))
    (fp_line (start -0.8 0.4) (end 0.8 0.4) (layer B.Fab) (width 0.1))
    (fp_line (start -0.8 -0.4) (end -0.8 0.4) (layer B.Fab) (width 0.1))
    (fp_text user %R (at 0 0) (layer B.Fab)
      (effects (font (size 0.4 0.4) (thickness 0.06)) (justify mirror))
    )
    (pad 1 smd roundrect (at -0.7875 0 180) (size 0.875 0.95) (layers B.Cu B.Paste B.Mask) (roundrect_rratio 0.25)
      (net 90 EC1_A_DB))
    (pad 2 smd roundrect (at 0.7875 0 180) (size 0.875 0.95) (layers B.Cu B.Paste B.Mask) (roundrect_rratio 0.25)
      (net 57 EC1_A))
    (model ${KISYS3DMOD}/Resistor_SMD.3dshapes/R_0603_1608Metric.wrl
      (at (xyz 0 0 0))
      (scale (xyz 1 1 1))
      (rotate (xyz 0 0 0))
    )
  )

  (module Resistor_SMD:R_0603_1608Metric (layer B.Cu) (tedit 5B301BBD) (tstamp 5F663C92)
    (at 140.09 64.18)
    (descr "Resistor SMD 0603 (1608 Metric), square (rectangular) end terminal, IPC_7351 nominal, (Body size source: http://www.tortai-tech.com/upload/download/2011102023233369053.pdf), generated with kicad-footprint-generator")
    (tags resistor)
    (path /6053BC43)
    (attr smd)
    (fp_text reference R15 (at 0 1.43) (layer B.SilkS)
      (effects (font (size 1 1) (thickness 0.15)) (justify mirror))
    )
    (fp_text value 10k (at 0 -1.43) (layer B.Fab)
      (effects (font (size 1 1) (thickness 0.15)) (justify mirror))
    )
    (fp_line (start 1.48 -0.73) (end -1.48 -0.73) (layer B.CrtYd) (width 0.05))
    (fp_line (start 1.48 0.73) (end 1.48 -0.73) (layer B.CrtYd) (width 0.05))
    (fp_line (start -1.48 0.73) (end 1.48 0.73) (layer B.CrtYd) (width 0.05))
    (fp_line (start -1.48 -0.73) (end -1.48 0.73) (layer B.CrtYd) (width 0.05))
    (fp_line (start -0.162779 -0.51) (end 0.162779 -0.51) (layer B.SilkS) (width 0.12))
    (fp_line (start -0.162779 0.51) (end 0.162779 0.51) (layer B.SilkS) (width 0.12))
    (fp_line (start 0.8 -0.4) (end -0.8 -0.4) (layer B.Fab) (width 0.1))
    (fp_line (start 0.8 0.4) (end 0.8 -0.4) (layer B.Fab) (width 0.1))
    (fp_line (start -0.8 0.4) (end 0.8 0.4) (layer B.Fab) (width 0.1))
    (fp_line (start -0.8 -0.4) (end -0.8 0.4) (layer B.Fab) (width 0.1))
    (fp_text user %R (at 0 0) (layer B.Fab)
      (effects (font (size 0.4 0.4) (thickness 0.06)) (justify mirror))
    )
    (pad 1 smd roundrect (at -0.7875 0) (size 0.875 0.95) (layers B.Cu B.Paste B.Mask) (roundrect_rratio 0.25)
      (net 91 EC2_B_DB))
    (pad 2 smd roundrect (at 0.7875 0) (size 0.875 0.95) (layers B.Cu B.Paste B.Mask) (roundrect_rratio 0.25)
      (net 60 EC2_B))
    (model ${KISYS3DMOD}/Resistor_SMD.3dshapes/R_0603_1608Metric.wrl
      (at (xyz 0 0 0))
      (scale (xyz 1 1 1))
      (rotate (xyz 0 0 0))
    )
  )

  (module Resistor_SMD:R_0603_1608Metric (layer B.Cu) (tedit 5B301BBD) (tstamp 5F663C81)
    (at 140.09 59.18)
    (descr "Resistor SMD 0603 (1608 Metric), square (rectangular) end terminal, IPC_7351 nominal, (Body size source: http://www.tortai-tech.com/upload/download/2011102023233369053.pdf), generated with kicad-footprint-generator")
    (tags resistor)
    (path /6053BC31)
    (attr smd)
    (fp_text reference R14 (at 0 1.43) (layer B.SilkS)
      (effects (font (size 1 1) (thickness 0.15)) (justify mirror))
    )
    (fp_text value 10k (at 0 -1.43) (layer B.Fab)
      (effects (font (size 1 1) (thickness 0.15)) (justify mirror))
    )
    (fp_line (start 1.48 -0.73) (end -1.48 -0.73) (layer B.CrtYd) (width 0.05))
    (fp_line (start 1.48 0.73) (end 1.48 -0.73) (layer B.CrtYd) (width 0.05))
    (fp_line (start -1.48 0.73) (end 1.48 0.73) (layer B.CrtYd) (width 0.05))
    (fp_line (start -1.48 -0.73) (end -1.48 0.73) (layer B.CrtYd) (width 0.05))
    (fp_line (start -0.162779 -0.51) (end 0.162779 -0.51) (layer B.SilkS) (width 0.12))
    (fp_line (start -0.162779 0.51) (end 0.162779 0.51) (layer B.SilkS) (width 0.12))
    (fp_line (start 0.8 -0.4) (end -0.8 -0.4) (layer B.Fab) (width 0.1))
    (fp_line (start 0.8 0.4) (end 0.8 -0.4) (layer B.Fab) (width 0.1))
    (fp_line (start -0.8 0.4) (end 0.8 0.4) (layer B.Fab) (width 0.1))
    (fp_line (start -0.8 -0.4) (end -0.8 0.4) (layer B.Fab) (width 0.1))
    (fp_text user %R (at 0 0) (layer B.Fab)
      (effects (font (size 0.4 0.4) (thickness 0.06)) (justify mirror))
    )
    (pad 1 smd roundrect (at -0.7875 0) (size 0.875 0.95) (layers B.Cu B.Paste B.Mask) (roundrect_rratio 0.25)
      (net 89 EC2_A_DB))
    (pad 2 smd roundrect (at 0.7875 0) (size 0.875 0.95) (layers B.Cu B.Paste B.Mask) (roundrect_rratio 0.25)
      (net 59 EC2_A))
    (model ${KISYS3DMOD}/Resistor_SMD.3dshapes/R_0603_1608Metric.wrl
      (at (xyz 0 0 0))
      (scale (xyz 1 1 1))
      (rotate (xyz 0 0 0))
    )
  )

  (module Resistor_SMD:R_0603_1608Metric (layer B.Cu) (tedit 5B301BBD) (tstamp 5F66EDC4)
    (at 98.975 59.15 180)
    (descr "Resistor SMD 0603 (1608 Metric), square (rectangular) end terminal, IPC_7351 nominal, (Body size source: http://www.tortai-tech.com/upload/download/2011102023233369053.pdf), generated with kicad-footprint-generator")
    (tags resistor)
    (path /602005FA)
    (attr smd)
    (fp_text reference R13 (at 0 1.43) (layer B.SilkS)
      (effects (font (size 1 1) (thickness 0.15)) (justify mirror))
    )
    (fp_text value 10k (at 0 -1.43) (layer B.Fab)
      (effects (font (size 1 1) (thickness 0.15)) (justify mirror))
    )
    (fp_text user %R (at 0 0) (layer B.Fab)
      (effects (font (size 0.4 0.4) (thickness 0.06)) (justify mirror))
    )
    (fp_line (start -0.8 -0.4) (end -0.8 0.4) (layer B.Fab) (width 0.1))
    (fp_line (start -0.8 0.4) (end 0.8 0.4) (layer B.Fab) (width 0.1))
    (fp_line (start 0.8 0.4) (end 0.8 -0.4) (layer B.Fab) (width 0.1))
    (fp_line (start 0.8 -0.4) (end -0.8 -0.4) (layer B.Fab) (width 0.1))
    (fp_line (start -0.162779 0.51) (end 0.162779 0.51) (layer B.SilkS) (width 0.12))
    (fp_line (start -0.162779 -0.51) (end 0.162779 -0.51) (layer B.SilkS) (width 0.12))
    (fp_line (start -1.48 -0.73) (end -1.48 0.73) (layer B.CrtYd) (width 0.05))
    (fp_line (start -1.48 0.73) (end 1.48 0.73) (layer B.CrtYd) (width 0.05))
    (fp_line (start 1.48 0.73) (end 1.48 -0.73) (layer B.CrtYd) (width 0.05))
    (fp_line (start 1.48 -0.73) (end -1.48 -0.73) (layer B.CrtYd) (width 0.05))
    (pad 2 smd roundrect (at 0.7875 0 180) (size 0.875 0.95) (layers B.Cu B.Paste B.Mask) (roundrect_rratio 0.25)
      (net 1 VCC))
    (pad 1 smd roundrect (at -0.7875 0 180) (size 0.875 0.95) (layers B.Cu B.Paste B.Mask) (roundrect_rratio 0.25)
      (net 58 EC1_B))
    (model ${KISYS3DMOD}/Resistor_SMD.3dshapes/R_0603_1608Metric.wrl
      (at (xyz 0 0 0))
      (scale (xyz 1 1 1))
      (rotate (xyz 0 0 0))
    )
  )

  (module Resistor_SMD:R_0603_1608Metric (layer B.Cu) (tedit 5B301BBD) (tstamp 5F663C5F)
    (at 147.05 64.28)
    (descr "Resistor SMD 0603 (1608 Metric), square (rectangular) end terminal, IPC_7351 nominal, (Body size source: http://www.tortai-tech.com/upload/download/2011102023233369053.pdf), generated with kicad-footprint-generator")
    (tags resistor)
    (path /6053BC4F)
    (attr smd)
    (fp_text reference R12 (at 0 1.43) (layer B.SilkS)
      (effects (font (size 1 1) (thickness 0.15)) (justify mirror))
    )
    (fp_text value 10k (at 0 -1.43) (layer B.Fab)
      (effects (font (size 1 1) (thickness 0.15)) (justify mirror))
    )
    (fp_line (start 1.48 -0.73) (end -1.48 -0.73) (layer B.CrtYd) (width 0.05))
    (fp_line (start 1.48 0.73) (end 1.48 -0.73) (layer B.CrtYd) (width 0.05))
    (fp_line (start -1.48 0.73) (end 1.48 0.73) (layer B.CrtYd) (width 0.05))
    (fp_line (start -1.48 -0.73) (end -1.48 0.73) (layer B.CrtYd) (width 0.05))
    (fp_line (start -0.162779 -0.51) (end 0.162779 -0.51) (layer B.SilkS) (width 0.12))
    (fp_line (start -0.162779 0.51) (end 0.162779 0.51) (layer B.SilkS) (width 0.12))
    (fp_line (start 0.8 -0.4) (end -0.8 -0.4) (layer B.Fab) (width 0.1))
    (fp_line (start 0.8 0.4) (end 0.8 -0.4) (layer B.Fab) (width 0.1))
    (fp_line (start -0.8 0.4) (end 0.8 0.4) (layer B.Fab) (width 0.1))
    (fp_line (start -0.8 -0.4) (end -0.8 0.4) (layer B.Fab) (width 0.1))
    (fp_text user %R (at 0 0) (layer B.Fab)
      (effects (font (size 0.4 0.4) (thickness 0.06)) (justify mirror))
    )
    (pad 1 smd roundrect (at -0.7875 0) (size 0.875 0.95) (layers B.Cu B.Paste B.Mask) (roundrect_rratio 0.25)
      (net 60 EC2_B))
    (pad 2 smd roundrect (at 0.7875 0) (size 0.875 0.95) (layers B.Cu B.Paste B.Mask) (roundrect_rratio 0.25)
      (net 1 VCC))
    (model ${KISYS3DMOD}/Resistor_SMD.3dshapes/R_0603_1608Metric.wrl
      (at (xyz 0 0 0))
      (scale (xyz 1 1 1))
      (rotate (xyz 0 0 0))
    )
  )

  (module Resistor_SMD:R_0603_1608Metric (layer B.Cu) (tedit 5B301BBD) (tstamp 5F663C3D)
    (at 147.05 59.29)
    (descr "Resistor SMD 0603 (1608 Metric), square (rectangular) end terminal, IPC_7351 nominal, (Body size source: http://www.tortai-tech.com/upload/download/2011102023233369053.pdf), generated with kicad-footprint-generator")
    (tags resistor)
    (path /6053BC49)
    (attr smd)
    (fp_text reference R10 (at 0 1.43) (layer B.SilkS)
      (effects (font (size 1 1) (thickness 0.15)) (justify mirror))
    )
    (fp_text value 10k (at 0 -1.43) (layer B.Fab)
      (effects (font (size 1 1) (thickness 0.15)) (justify mirror))
    )
    (fp_line (start 1.48 -0.73) (end -1.48 -0.73) (layer B.CrtYd) (width 0.05))
    (fp_line (start 1.48 0.73) (end 1.48 -0.73) (layer B.CrtYd) (width 0.05))
    (fp_line (start -1.48 0.73) (end 1.48 0.73) (layer B.CrtYd) (width 0.05))
    (fp_line (start -1.48 -0.73) (end -1.48 0.73) (layer B.CrtYd) (width 0.05))
    (fp_line (start -0.162779 -0.51) (end 0.162779 -0.51) (layer B.SilkS) (width 0.12))
    (fp_line (start -0.162779 0.51) (end 0.162779 0.51) (layer B.SilkS) (width 0.12))
    (fp_line (start 0.8 -0.4) (end -0.8 -0.4) (layer B.Fab) (width 0.1))
    (fp_line (start 0.8 0.4) (end 0.8 -0.4) (layer B.Fab) (width 0.1))
    (fp_line (start -0.8 0.4) (end 0.8 0.4) (layer B.Fab) (width 0.1))
    (fp_line (start -0.8 -0.4) (end -0.8 0.4) (layer B.Fab) (width 0.1))
    (fp_text user %R (at 0 0) (layer B.Fab)
      (effects (font (size 0.4 0.4) (thickness 0.06)) (justify mirror))
    )
    (pad 1 smd roundrect (at -0.7875 0) (size 0.875 0.95) (layers B.Cu B.Paste B.Mask) (roundrect_rratio 0.25)
      (net 59 EC2_A))
    (pad 2 smd roundrect (at 0.7875 0) (size 0.875 0.95) (layers B.Cu B.Paste B.Mask) (roundrect_rratio 0.25)
      (net 1 VCC))
    (model ${KISYS3DMOD}/Resistor_SMD.3dshapes/R_0603_1608Metric.wrl
      (at (xyz 0 0 0))
      (scale (xyz 1 1 1))
      (rotate (xyz 0 0 0))
    )
  )

  (module Capacitor_SMD:C_0603_1608Metric (layer B.Cu) (tedit 5B301BBE) (tstamp 5F663088)
    (at 109.67 78.8)
    (descr "Capacitor SMD 0603 (1608 Metric), square (rectangular) end terminal, IPC_7351 nominal, (Body size source: http://www.tortai-tech.com/upload/download/2011102023233369053.pdf), generated with kicad-footprint-generator")
    (tags capacitor)
    (path /601C0E19)
    (attr smd)
    (fp_text reference C35 (at 0 1.43) (layer B.SilkS)
      (effects (font (size 1 1) (thickness 0.15)) (justify mirror))
    )
    (fp_text value 0.1u (at 0 -1.43) (layer B.Fab)
      (effects (font (size 1 1) (thickness 0.15)) (justify mirror))
    )
    (fp_line (start 1.48 -0.73) (end -1.48 -0.73) (layer B.CrtYd) (width 0.05))
    (fp_line (start 1.48 0.73) (end 1.48 -0.73) (layer B.CrtYd) (width 0.05))
    (fp_line (start -1.48 0.73) (end 1.48 0.73) (layer B.CrtYd) (width 0.05))
    (fp_line (start -1.48 -0.73) (end -1.48 0.73) (layer B.CrtYd) (width 0.05))
    (fp_line (start -0.162779 -0.51) (end 0.162779 -0.51) (layer B.SilkS) (width 0.12))
    (fp_line (start -0.162779 0.51) (end 0.162779 0.51) (layer B.SilkS) (width 0.12))
    (fp_line (start 0.8 -0.4) (end -0.8 -0.4) (layer B.Fab) (width 0.1))
    (fp_line (start 0.8 0.4) (end 0.8 -0.4) (layer B.Fab) (width 0.1))
    (fp_line (start -0.8 0.4) (end 0.8 0.4) (layer B.Fab) (width 0.1))
    (fp_line (start -0.8 -0.4) (end -0.8 0.4) (layer B.Fab) (width 0.1))
    (fp_text user %R (at 0 0) (layer B.Fab)
      (effects (font (size 0.4 0.4) (thickness 0.06)) (justify mirror))
    )
    (pad 1 smd roundrect (at -0.7875 0) (size 0.875 0.95) (layers B.Cu B.Paste B.Mask) (roundrect_rratio 0.25)
      (net 90 EC1_A_DB))
    (pad 2 smd roundrect (at 0.7875 0) (size 0.875 0.95) (layers B.Cu B.Paste B.Mask) (roundrect_rratio 0.25)
      (net 24 GND))
    (model ${KISYS3DMOD}/Capacitor_SMD.3dshapes/C_0603_1608Metric.wrl
      (at (xyz 0 0 0))
      (scale (xyz 1 1 1))
      (rotate (xyz 0 0 0))
    )
  )

  (module Capacitor_SMD:C_0603_1608Metric (layer B.Cu) (tedit 5B301BBE) (tstamp 5F663077)
    (at 137.53 57.09 90)
    (descr "Capacitor SMD 0603 (1608 Metric), square (rectangular) end terminal, IPC_7351 nominal, (Body size source: http://www.tortai-tech.com/upload/download/2011102023233369053.pdf), generated with kicad-footprint-generator")
    (tags capacitor)
    (path /6053BC37)
    (attr smd)
    (fp_text reference C34 (at 0 1.43 90) (layer B.SilkS)
      (effects (font (size 1 1) (thickness 0.15)) (justify mirror))
    )
    (fp_text value 0.1u (at 0 -1.43 90) (layer B.Fab)
      (effects (font (size 1 1) (thickness 0.15)) (justify mirror))
    )
    (fp_line (start 1.48 -0.73) (end -1.48 -0.73) (layer B.CrtYd) (width 0.05))
    (fp_line (start 1.48 0.73) (end 1.48 -0.73) (layer B.CrtYd) (width 0.05))
    (fp_line (start -1.48 0.73) (end 1.48 0.73) (layer B.CrtYd) (width 0.05))
    (fp_line (start -1.48 -0.73) (end -1.48 0.73) (layer B.CrtYd) (width 0.05))
    (fp_line (start -0.162779 -0.51) (end 0.162779 -0.51) (layer B.SilkS) (width 0.12))
    (fp_line (start -0.162779 0.51) (end 0.162779 0.51) (layer B.SilkS) (width 0.12))
    (fp_line (start 0.8 -0.4) (end -0.8 -0.4) (layer B.Fab) (width 0.1))
    (fp_line (start 0.8 0.4) (end 0.8 -0.4) (layer B.Fab) (width 0.1))
    (fp_line (start -0.8 0.4) (end 0.8 0.4) (layer B.Fab) (width 0.1))
    (fp_line (start -0.8 -0.4) (end -0.8 0.4) (layer B.Fab) (width 0.1))
    (fp_text user %R (at 0 0 90) (layer B.Fab)
      (effects (font (size 0.4 0.4) (thickness 0.06)) (justify mirror))
    )
    (pad 1 smd roundrect (at -0.7875 0 90) (size 0.875 0.95) (layers B.Cu B.Paste B.Mask) (roundrect_rratio 0.25)
      (net 89 EC2_A_DB))
    (pad 2 smd roundrect (at 0.7875 0 90) (size 0.875 0.95) (layers B.Cu B.Paste B.Mask) (roundrect_rratio 0.25)
      (net 24 GND))
    (model ${KISYS3DMOD}/Capacitor_SMD.3dshapes/C_0603_1608Metric.wrl
      (at (xyz 0 0 0))
      (scale (xyz 1 1 1))
      (rotate (xyz 0 0 0))
    )
  )

  (module Capacitor_SMD:C_0603_1608Metric (layer B.Cu) (tedit 5B301BBE) (tstamp 5F663066)
    (at 110.325 75.375)
    (descr "Capacitor SMD 0603 (1608 Metric), square (rectangular) end terminal, IPC_7351 nominal, (Body size source: http://www.tortai-tech.com/upload/download/2011102023233369053.pdf), generated with kicad-footprint-generator")
    (tags capacitor)
    (path /601C1BBD)
    (attr smd)
    (fp_text reference C33 (at 0 1.43) (layer B.SilkS)
      (effects (font (size 1 1) (thickness 0.15)) (justify mirror))
    )
    (fp_text value 0.1u (at 0 -1.43) (layer B.Fab)
      (effects (font (size 1 1) (thickness 0.15)) (justify mirror))
    )
    (fp_line (start 1.48 -0.73) (end -1.48 -0.73) (layer B.CrtYd) (width 0.05))
    (fp_line (start 1.48 0.73) (end 1.48 -0.73) (layer B.CrtYd) (width 0.05))
    (fp_line (start -1.48 0.73) (end 1.48 0.73) (layer B.CrtYd) (width 0.05))
    (fp_line (start -1.48 -0.73) (end -1.48 0.73) (layer B.CrtYd) (width 0.05))
    (fp_line (start -0.162779 -0.51) (end 0.162779 -0.51) (layer B.SilkS) (width 0.12))
    (fp_line (start -0.162779 0.51) (end 0.162779 0.51) (layer B.SilkS) (width 0.12))
    (fp_line (start 0.8 -0.4) (end -0.8 -0.4) (layer B.Fab) (width 0.1))
    (fp_line (start 0.8 0.4) (end 0.8 -0.4) (layer B.Fab) (width 0.1))
    (fp_line (start -0.8 0.4) (end 0.8 0.4) (layer B.Fab) (width 0.1))
    (fp_line (start -0.8 -0.4) (end -0.8 0.4) (layer B.Fab) (width 0.1))
    (fp_text user %R (at 0 0) (layer B.Fab)
      (effects (font (size 0.4 0.4) (thickness 0.06)) (justify mirror))
    )
    (pad 1 smd roundrect (at -0.7875 0) (size 0.875 0.95) (layers B.Cu B.Paste B.Mask) (roundrect_rratio 0.25)
      (net 92 EC1_B_DB))
    (pad 2 smd roundrect (at 0.7875 0) (size 0.875 0.95) (layers B.Cu B.Paste B.Mask) (roundrect_rratio 0.25)
      (net 24 GND))
    (model ${KISYS3DMOD}/Capacitor_SMD.3dshapes/C_0603_1608Metric.wrl
      (at (xyz 0 0 0))
      (scale (xyz 1 1 1))
      (rotate (xyz 0 0 0))
    )
  )

  (module Capacitor_SMD:C_0603_1608Metric (layer B.Cu) (tedit 5B301BBE) (tstamp 5F663055)
    (at 137.53 62.18 90)
    (descr "Capacitor SMD 0603 (1608 Metric), square (rectangular) end terminal, IPC_7351 nominal, (Body size source: http://www.tortai-tech.com/upload/download/2011102023233369053.pdf), generated with kicad-footprint-generator")
    (tags capacitor)
    (path /6053BC3D)
    (attr smd)
    (fp_text reference C32 (at 0 1.43 90) (layer B.SilkS)
      (effects (font (size 1 1) (thickness 0.15)) (justify mirror))
    )
    (fp_text value 0.1u (at 0 -1.43 90) (layer B.Fab)
      (effects (font (size 1 1) (thickness 0.15)) (justify mirror))
    )
    (fp_line (start 1.48 -0.73) (end -1.48 -0.73) (layer B.CrtYd) (width 0.05))
    (fp_line (start 1.48 0.73) (end 1.48 -0.73) (layer B.CrtYd) (width 0.05))
    (fp_line (start -1.48 0.73) (end 1.48 0.73) (layer B.CrtYd) (width 0.05))
    (fp_line (start -1.48 -0.73) (end -1.48 0.73) (layer B.CrtYd) (width 0.05))
    (fp_line (start -0.162779 -0.51) (end 0.162779 -0.51) (layer B.SilkS) (width 0.12))
    (fp_line (start -0.162779 0.51) (end 0.162779 0.51) (layer B.SilkS) (width 0.12))
    (fp_line (start 0.8 -0.4) (end -0.8 -0.4) (layer B.Fab) (width 0.1))
    (fp_line (start 0.8 0.4) (end 0.8 -0.4) (layer B.Fab) (width 0.1))
    (fp_line (start -0.8 0.4) (end 0.8 0.4) (layer B.Fab) (width 0.1))
    (fp_line (start -0.8 -0.4) (end -0.8 0.4) (layer B.Fab) (width 0.1))
    (fp_text user %R (at 0 0 90) (layer B.Fab)
      (effects (font (size 0.4 0.4) (thickness 0.06)) (justify mirror))
    )
    (pad 1 smd roundrect (at -0.7875 0 90) (size 0.875 0.95) (layers B.Cu B.Paste B.Mask) (roundrect_rratio 0.25)
      (net 91 EC2_B_DB))
    (pad 2 smd roundrect (at 0.7875 0 90) (size 0.875 0.95) (layers B.Cu B.Paste B.Mask) (roundrect_rratio 0.25)
      (net 24 GND))
    (model ${KISYS3DMOD}/Capacitor_SMD.3dshapes/C_0603_1608Metric.wrl
      (at (xyz 0 0 0))
      (scale (xyz 1 1 1))
      (rotate (xyz 0 0 0))
    )
  )

  (module seth-logo:space_shuttle (layer B.Cu) (tedit 0) (tstamp 5F65A23D)
    (at 161.4 125.8 180)
    (path /5FF24C73)
    (fp_text reference H9 (at 0 0) (layer B.SilkS) hide
      (effects (font (size 1.524 1.524) (thickness 0.3)) (justify mirror))
    )
    (fp_text value Graphic (at 0.75 0) (layer B.SilkS) hide
      (effects (font (size 1.524 1.524) (thickness 0.3)) (justify mirror))
    )
    (fp_poly (pts (xy 0.082111 9.456739) (xy 0.147434 9.444104) (xy 0.186851 9.432239) (xy 0.285779 9.390843)
      (xy 0.383981 9.333353) (xy 0.480977 9.260603) (xy 0.576288 9.17343) (xy 0.669435 9.072671)
      (xy 0.759937 8.959162) (xy 0.847317 8.833738) (xy 0.931093 8.697237) (xy 1.010786 8.550494)
      (xy 1.085918 8.394346) (xy 1.156009 8.229629) (xy 1.220579 8.057179) (xy 1.279148 7.877833)
      (xy 1.331238 7.692426) (xy 1.376368 7.501796) (xy 1.41406 7.306777) (xy 1.417652 7.285567)
      (xy 1.439959 7.145072) (xy 1.462501 6.989864) (xy 1.485057 6.822158) (xy 1.507405 6.644169)
      (xy 1.529325 6.45811) (xy 1.550595 6.266197) (xy 1.570994 6.070644) (xy 1.590301 5.873665)
      (xy 1.608294 5.677476) (xy 1.624753 5.484289) (xy 1.639455 5.296321) (xy 1.65218 5.115786)
      (xy 1.662707 4.944898) (xy 1.670813 4.785871) (xy 1.673312 4.726517) (xy 1.675456 4.678935)
      (xy 1.677835 4.637849) (xy 1.680246 4.605983) (xy 1.682489 4.586063) (xy 1.684074 4.580554)
      (xy 1.687474 4.588411) (xy 1.695459 4.610987) (xy 1.707558 4.64684) (xy 1.7233 4.694528)
      (xy 1.742215 4.752608) (xy 1.763833 4.81964) (xy 1.787684 4.894181) (xy 1.813296 4.974788)
      (xy 1.832522 5.035637) (xy 1.876722 5.175837) (xy 1.916181 5.300813) (xy 1.951249 5.411494)
      (xy 1.982281 5.508804) (xy 2.009627 5.59367) (xy 2.033641 5.667019) (xy 2.054674 5.729776)
      (xy 2.07308 5.782868) (xy 2.08921 5.827221) (xy 2.103417 5.863761) (xy 2.116054 5.893415)
      (xy 2.127473 5.917109) (xy 2.138025 5.935768) (xy 2.148065 5.950319) (xy 2.157943 5.961689)
      (xy 2.168013 5.970803) (xy 2.178626 5.978589) (xy 2.190136 5.985971) (xy 2.195308 5.989165)
      (xy 2.221001 6.003101) (xy 2.246477 6.011541) (xy 2.278375 6.016275) (xy 2.302441 6.018027)
      (xy 2.371268 6.017306) (xy 2.42806 6.005811) (xy 2.474537 5.982642) (xy 2.512421 5.946901)
      (xy 2.543431 5.897687) (xy 2.547115 5.89011) (xy 2.554052 5.872796) (xy 2.565553 5.840864)
      (xy 2.581107 5.79585) (xy 2.600206 5.739291) (xy 2.622338 5.672723) (xy 2.646993 5.597683)
      (xy 2.673662 5.515708) (xy 2.701834 5.428334) (xy 2.730999 5.337097) (xy 2.737478 5.31672)
      (xy 2.7827 5.174446) (xy 2.823127 5.047335) (xy 2.859037 4.934393) (xy 2.890706 4.834627)
      (xy 2.918412 4.747045) (xy 2.942432 4.670652) (xy 2.963042 4.604456) (xy 2.98052 4.547462)
      (xy 2.995143 4.498679) (xy 3.007186 4.457113) (xy 3.016929 4.42177) (xy 3.024646 4.391657)
      (xy 3.030616 4.36578) (xy 3.035116 4.343148) (xy 3.038422 4.322766) (xy 3.040811 4.30364)
      (xy 3.04256 4.284779) (xy 3.043947 4.265188) (xy 3.045248 4.243874) (xy 3.04674 4.219845)
      (xy 3.047843 4.2037) (xy 3.048577 4.184772) (xy 3.049281 4.149057) (xy 3.049953 4.0967)
      (xy 3.050594 4.027847) (xy 3.051203 3.942646) (xy 3.05178 3.841241) (xy 3.052325 3.723778)
      (xy 3.052837 3.590404) (xy 3.053316 3.441265) (xy 3.053761 3.276506) (xy 3.054173 3.096274)
      (xy 3.054551 2.900714) (xy 3.054894 2.689973) (xy 3.055203 2.464196) (xy 3.055478 2.22353)
      (xy 3.055716 1.96812) (xy 3.05592 1.698113) (xy 3.056087 1.413654) (xy 3.056219 1.11489)
      (xy 3.056314 0.801965) (xy 3.056372 0.475028) (xy 3.056393 0.171583) (xy 3.056467 -3.742001)
      (xy 3.385542 -4.070217) (xy 3.46821 -4.152863) (xy 3.539933 -4.225055) (xy 3.60193 -4.28812)
      (xy 3.655419 -4.343386) (xy 3.701618 -4.39218) (xy 3.741746 -4.435829) (xy 3.777021 -4.47566)
      (xy 3.808661 -4.513002) (xy 3.837885 -4.549181) (xy 3.865911 -4.585525) (xy 3.893958 -4.623361)
      (xy 3.896633 -4.627033) (xy 3.96685 -4.728775) (xy 4.028884 -4.830377) (xy 4.083336 -4.93369)
      (xy 4.130809 -5.040562) (xy 4.171906 -5.152844) (xy 4.207229 -5.272385) (xy 4.237379 -5.401035)
      (xy 4.262961 -5.540644) (xy 4.284575 -5.693061) (xy 4.302824 -5.860136) (xy 4.304709 -5.880099)
      (xy 4.309483 -5.930968) (xy 4.314059 -5.978934) (xy 4.318068 -6.020176) (xy 4.32114 -6.050872)
      (xy 4.322462 -6.063394) (xy 4.326823 -6.102756) (xy 4.163662 -6.141871) (xy 4.123867 -6.151406)
      (xy 4.069821 -6.164346) (xy 4.003741 -6.180162) (xy 3.927846 -6.198323) (xy 3.844353 -6.218297)
      (xy 3.755479 -6.239555) (xy 3.663444 -6.261566) (xy 3.570464 -6.283799) (xy 3.530601 -6.29333)
      (xy 3.060701 -6.405674) (xy 3.058537 -7.138947) (xy 3.056374 -7.87222) (xy 3.132621 -8.226086)
      (xy 3.148755 -8.301123) (xy 3.163726 -8.37105) (xy 3.177167 -8.434129) (xy 3.188709 -8.488622)
      (xy 3.197986 -8.53279) (xy 3.20463 -8.564895) (xy 3.208273 -8.583199) (xy 3.208867 -8.586809)
      (xy 3.200904 -8.589264) (xy 3.179025 -8.59133) (xy 3.146248 -8.592834) (xy 3.105588 -8.593603)
      (xy 3.089346 -8.593666) (xy 2.969826 -8.593666) (xy 2.975279 -8.612716) (xy 2.982625 -8.643654)
      (xy 2.99121 -8.688412) (xy 3.000624 -8.743958) (xy 3.010457 -8.80726) (xy 3.020296 -8.875286)
      (xy 3.029731 -8.945003) (xy 3.038351 -9.013378) (xy 3.045746 -9.077381) (xy 3.051504 -9.133978)
      (xy 3.055213 -9.180137) (xy 3.056467 -9.21181) (xy 3.056467 -9.2456) (xy 1.524001 -9.2456)
      (xy 1.524 -9.224192) (xy 1.525413 -9.191302) (xy 1.52937 -9.144814) (xy 1.53545 -9.087804)
      (xy 1.543229 -9.023344) (xy 1.552287 -8.954509) (xy 1.562201 -8.884372) (xy 1.572549 -8.81601)
      (xy 1.582909 -8.752494) (xy 1.59286 -8.6969) (xy 1.601979 -8.652301) (xy 1.6033 -8.646528)
      (xy 1.615632 -8.593666) (xy 1.514783 -8.593666) (xy 1.471394 -8.593371) (xy 1.442273 -8.592252)
      (xy 1.424761 -8.589961) (xy 1.416201 -8.586151) (xy 1.413934 -8.580474) (xy 1.413934 -8.58046)
      (xy 1.416064 -8.569694) (xy 1.422152 -8.544342) (xy 1.428389 -8.519516) (xy 1.4986 -8.519516)
      (xy 1.506874 -8.52043) (xy 1.530925 -8.521305) (xy 1.569594 -8.522131) (xy 1.621727 -8.522901)
      (xy 1.686165 -8.523605) (xy 1.761752 -8.524233) (xy 1.847331 -8.524776) (xy 1.941745 -8.525226)
      (xy 2.043837 -8.525574) (xy 2.15245 -8.525809) (xy 2.266427 -8.525923) (xy 2.311401 -8.525933)
      (xy 2.4683 -8.525845) (xy 2.608301 -8.525582) (xy 2.731438 -8.525142) (xy 2.837744 -8.524527)
      (xy 2.927254 -8.523734) (xy 3.000001 -8.522765) (xy 3.05602 -8.521617) (xy 3.095345 -8.520293)
      (xy 3.118009 -8.51879) (xy 3.124201 -8.517348) (xy 3.122442 -8.505992) (xy 3.117544 -8.480901)
      (xy 3.110072 -8.44465) (xy 3.10059 -8.399811) (xy 3.089664 -8.348961) (xy 3.077858 -8.294674)
      (xy 3.065738 -8.239523) (xy 3.05387 -8.186085) (xy 3.042817 -8.136932) (xy 3.033145 -8.09464)
      (xy 3.02542 -8.061784) (xy 3.020205 -8.040937) (xy 3.018258 -8.03469) (xy 3.009051 -8.033152)
      (xy 2.98445 -8.031767) (xy 2.945994 -8.030534) (xy 2.895222 -8.029453) (xy 2.833673 -8.028522)
      (xy 2.762885 -8.027742) (xy 2.684399 -8.027112) (xy 2.599752 -8.02663) (xy 2.510483 -8.026297)
      (xy 2.418132 -8.026112) (xy 2.324237 -8.026074) (xy 2.230336 -8.026183) (xy 2.13797 -8.026438)
      (xy 2.048677 -8.026838) (xy 1.963996 -8.027384) (xy 1.885465 -8.028074) (xy 1.814624 -8.028908)
      (xy 1.753011 -8.029884) (xy 1.702165 -8.031004) (xy 1.663626 -8.032265) (xy 1.638931 -8.033668)
      (xy 1.629621 -8.035212) (xy 1.629614 -8.035222) (xy 1.626272 -8.045087) (xy 1.619298 -8.068795)
      (xy 1.609377 -8.103818) (xy 1.597193 -8.147624) (xy 1.583429 -8.197684) (xy 1.568772 -8.251468)
      (xy 1.553904 -8.306445) (xy 1.539511 -8.360087) (xy 1.526277 -8.409861) (xy 1.514887 -8.45324)
      (xy 1.506024 -8.487692) (xy 1.500374 -8.510687) (xy 1.4986 -8.519516) (xy 1.428389 -8.519516)
      (xy 1.431743 -8.506167) (xy 1.444382 -8.456934) (xy 1.459615 -8.398404) (xy 1.476987 -8.332341)
      (xy 1.496044 -8.260508) (xy 1.507067 -8.219223) (xy 1.574526 -7.967133) (xy 1.643344 -7.967133)
      (xy 3.007642 -7.967133) (xy 3.000883 -7.948083) (xy 2.999229 -7.935403) (xy 2.997544 -7.907848)
      (xy 2.99589 -7.867476) (xy 2.994332 -7.816345) (xy 2.992932 -7.756514) (xy 2.991755 -7.69004)
      (xy 2.99094 -7.62635) (xy 2.987757 -7.323666) (xy 1.667934 -7.323666) (xy 1.667842 -7.605183)
      (xy 1.667657 -7.68746) (xy 1.667116 -7.754539) (xy 1.666153 -7.80815) (xy 1.664703 -7.850026)
      (xy 1.662698 -7.881899) (xy 1.660072 -7.9055) (xy 1.656761 -7.922562) (xy 1.655547 -7.926916)
      (xy 1.643344 -7.967133) (xy 1.574526 -7.967133) (xy 1.6002 -7.871192) (xy 1.6002 -7.172791)
      (xy 1.669305 -7.172791) (xy 1.669667 -7.211393) (xy 1.670419 -7.23901) (xy 1.671532 -7.252884)
      (xy 1.671736 -7.25363) (xy 1.675411 -7.255693) (xy 1.685392 -7.257468) (xy 1.702654 -7.25897)
      (xy 1.728177 -7.260211) (xy 1.762936 -7.261203) (xy 1.807909 -7.261959) (xy 1.864074 -7.262493)
      (xy 1.932407 -7.262818) (xy 2.013887 -7.262946) (xy 2.109489 -7.26289) (xy 2.220192 -7.262663)
      (xy 2.330205 -7.262335) (xy 2.984501 -7.260166) (xy 2.984501 -6.904566) (xy 1.672167 -6.904566)
